rs10272945	0.1	6E-6	1.05
rs11182052	0.324	6E-6	1.33
rs112941217	0.03	5E-7	4.81
rs114607539	0.999	1E-7	0.379
rs1154275	0.43	9E-6	2.09
rs11742119	0.041	5E-6	1.02
rs11765910	0.126	3E-6	1.28
rs12612435	0.68	5E-7	3.125
rs13273616	0.53	6E-6	2.2222223
rs139236944	0.061	9E-6	1.03
rs150793926	0.069	4E-8	1.04
rs17016480	0.35	4E-6	1.44
rs17052317	0.038	5E-6	1.94
rs1846594	0.5589	4E-9	1.49
rs2244757	0.963	7E-6	15.04
rs2649734	0.622532577301987	4E-8	0.016696025
rs2649734	0.611	6E-6	1.41
rs3170167	0.850164	3E-12	0.0315889
rs3170167	0.849667	3E-6	0.0290038
rs3170	0.7366	1E-8	0.0973
rs317050	0.5048	2E-10	0.0084
rs317056	0.5204	5E-9	0.0105
rs317050	0.5051	2E-12	0.0116
rs317050	0.5048	3E-8	0.0078
rs35548982	0.918	3E-6	1.96
rs3779381	0.25	1E-21	0.19
rs3779381	0.742765	1E-14	0.0605
rs3779381	0.742765	1E-18	0.0782
rs3779381	0.74094	4E-143	0.0793046
rs3779381	0.283	2E-7	1.77
rs4341082	0.469	5E-7	1.62
rs4487073	0.568	5E-6	2.03
rs4701446	0.231	3E-6	1.2
rs61815623	0.032	9E-6	1.74
rs6556795	0.602	1E-6	1.36
rs7070797	0.11	2E-6	2.74
rs72654150	0.048	3E-6	1.03
rs73117804	0.0167	8E-6	0.7531
rs7486169	0.108	2E-6	1.07
rs75330306	0.061	7E-6	1.03
rs7627580	0.622	3E-6	1.39
rs77698332	0.035	3E-6	2.12
rs8047442	0.368	8E-6	1.34
rs8051448	0.1689	8E-6	1.14
rs8070290	0.7142	2E-10	0.02499791
rs9392780	0.06	5E-6	3.19
